20 20 20 
20 21 20 
20 20 19 
20 19 20 
20 20 21 
20 21 19 
20 22 20 
21 20 19 
19 21 19 
20 19 19 
20 21 21 
22 20 19 
20 19 21 
20 22 21 
21 20 21 
19 22 21 
20 21 18 
22 19 19 
19 22 22 
20 18 20 
21 19 19 
19 21 21 
21 21 19 
19 21 20 
22 19 18 
22 21 19 
18 21 21 
21 19 21 
20 22 19 
21 20 20 
19 22 23 
19 19 19 
23 21 19 
19 21 18 
23 20 19 
21 22 21 
20 22 18 
21 19 20 
22 19 21 
20 20 18 
24 20 19 
20 21 17 
20 23 20 
21 21 17 
21 19 22 
20 22 17 
20 20 17 
24 19 19 
20 18 21 
19 21 22 
21 21 18 
