40 40 40 
41 40 40 
40 40 39 
41 40 39 
39 40 39 
39 40 40 
41 39 40 
39 39 39 
41 41 39 
40 40 38 
39 40 41 
40 41 39 
38 40 39 
41 40 38 
38 40 41 
38 39 39 
39 41 41 
38 39 38 
38 39 41 
39 40 42 
38 40 42 
41 41 38 
41 39 39 
40 41 38 
37 39 41 
41 40 37 
41 39 38 
38 38 39 
39 41 42 
41 40 36 
39 39 41 
38 40 40 
37 39 39 
41 39 37 
38 39 37 
39 41 39 
42 41 38 
42 40 38 
39 41 43 
40 40 36 
40 41 36 
41 41 40 
38 40 38 
38 38 38 
41 40 35 
40 40 41 
39 41 40 
39 40 38 
39 42 39 
38 41 39 
38 37 39 
41 41 36 
42 39 38 
39 42 40 
38 42 39 
40 42 36 
42 39 37 
38 41 38 
40 42 35 
43 39 37 
40 43 36 
41 38 39 
40 40 42 
37 40 39 
39 38 39 
41 41 37 
42 40 39 
40 41 40 
41 39 35 
42 40 37 
40 39 39 
37 38 39 
38 38 37 
43 39 38 
39 39 38 
40 41 37 
41 42 40 
41 40 34 
38 39 42 
38 41 40 
43 38 38 
42 41 37 
44 39 38 
38 42 40 
40 42 37 
42 39 35 
41 42 41 
39 37 39 
40 43 35 
42 39 39 
39 39 42 
42 42 38 
42 41 39 
43 41 38 
39 38 38 
41 38 38 
38 42 38 
40 42 40 
42 39 40 
41 38 37 
39 38 41 
