20 20 20 
20 19 20 
21 19 20 
21 19 19 
21 20 20 
19 19 20 
19 20 20 
18 19 20 
18 18 20 
20 18 20 
18 17 20 
18 19 19 
22 19 20 
21 20 19 
18 17 19 
19 19 19 
22 18 20 
20 19 21 
19 19 21 
18 17 18 
22 19 21 
21 18 20 
19 18 20 
18 17 21 
21 18 19 
18 18 19 
19 21 20 
22 20 20 
21 18 18 
20 21 20 
19 18 19 
22 18 21 
23 18 20 
19 22 20 
18 19 18 
22 17 21 
18 16 19 
18 17 17 
18 19 21 
21 19 21 
18 17 16 
21 21 20 
19 19 22 
18 18 16 
18 18 21 
22 19 22 
21 20 21 
18 19 22 
19 19 18 
22 19 19 
19 16 19 
