40 40 40 
41 40 40 
40 40 41 
41 40 39 
39 40 41 
41 40 41 
41 41 40 
40 40 39 
42 40 39 
41 41 41 
38 40 41 
41 42 40 
43 40 39 
42 39 39 
38 41 41 
37 40 41 
40 41 40 
38 41 40 
40 41 41 
37 41 41 
41 39 41 
42 40 41 
38 40 40 
36 41 41 
40 39 41 
37 39 41 
37 41 42 
40 41 42 
38 42 41 
42 39 38 
42 39 37 
41 41 42 
38 39 41 
38 41 39 
39 39 41 
38 42 40 
36 40 41 
41 41 39 
39 40 40 
42 42 40 
38 39 40 
41 39 37 
42 40 38 
42 39 36 
37 42 41 
41 39 36 
37 42 42 
36 41 40 
38 42 42 
36 42 41 
36 42 42 
42 38 39 
36 41 39 
40 40 42 
38 42 43 
36 40 40 
37 41 39 
39 41 41 
42 38 38 
41 39 39 
43 39 39 
42 38 36 
35 40 41 
42 38 37 
36 43 42 
40 40 43 
40 38 41 
41 39 38 
39 39 40 
40 38 42 
41 38 37 
43 40 38 
40 37 42 
40 41 39 
39 41 40 
39 41 39 
38 43 41 
35 41 39 
38 39 42 
35 42 39 
38 42 39 
36 40 39 
43 41 38 
41 38 38 
40 39 42 
41 40 42 
37 41 40 
34 42 39 
43 41 37 
40 37 41 
37 42 40 
38 43 43 
36 43 43 
36 43 41 
38 44 43 
36 41 42 
36 39 41 
35 40 39 
41 40 43 
38 39 43 
41 40 36 
