20 20 20 
20 20 21 
20 20 19 
20 21 21 
20 21 19 
20 20 22 
21 21 19 
20 22 21 
20 21 20 
21 20 21 
21 21 21 
21 20 22 
20 21 22 
21 20 23 
20 19 21 
20 22 20 
20 22 19 
19 21 20 
21 20 19 
19 21 22 
20 20 23 
19 21 19 
20 22 22 
22 21 21 
21 21 20 
20 19 22 
22 20 21 
20 22 18 
20 19 23 
22 20 19 
19 19 21 
19 22 22 
20 21 18 
20 20 18 
22 21 19 
20 21 23 
20 22 23 
21 19 21 
19 20 19 
21 21 22 
20 19 20 
21 20 24 
21 22 21 
21 22 20 
19 21 18 
22 21 20 
21 19 23 
20 18 22 
22 22 21 
21 22 19 
19 21 23 
