20 20 20 
20 20 19 
20 20 21 
19 20 20 
19 20 21 
18 20 20 
20 21 19 
20 21 20 
21 20 21 
19 20 22 
20 22 20 
20 23 20 
20 24 20 
20 21 18 
18 20 21 
21 20 20 
19 24 20 
21 19 20 
19 21 18 
21 19 21 
18 21 21 
18 20 22 
18 21 18 
18 21 20 
19 19 22 
17 21 18 
20 20 18 
18 24 20 
21 21 20 
20 22 19 
19 23 20 
22 20 21 
21 18 20 
17 20 18 
18 21 17 
20 23 21 
19 18 22 
21 18 21 
19 20 18 
19 20 19 
21 21 21 
19 18 21 
18 22 18 
18 24 19 
17 24 20 
21 20 19 
22 20 19 
19 19 19 
18 22 17 
20 25 20 
18 21 16 
