40 40 40 
40 40 39 
40 40 41 
39 40 39 
41 40 40 
41 40 39 
41 41 40 
39 39 39 
41 42 40 
41 40 41 
39 39 38 
40 39 41 
40 41 40 
41 40 42 
40 41 41 
40 42 40 
40 41 39 
39 40 38 
38 40 38 
41 39 41 
40 40 42 
42 40 39 
39 38 38 
39 40 37 
40 38 38 
39 41 39 
40 39 42 
40 40 43 
41 41 39 
42 40 38 
39 40 40 
39 41 40 
40 40 44 
40 42 39 
41 40 44 
38 40 39 
41 41 41 
39 41 38 
42 39 38 
41 43 40 
42 40 37 
40 41 38 
38 41 39 
38 41 40 
42 40 41 
38 40 40 
39 39 37 
40 42 38 
39 41 41 
41 40 43 
41 40 45 
39 42 38 
38 40 37 
39 39 36 
42 40 43 
42 41 41 
41 39 42 
40 41 44 
40 43 40 
38 39 39 
39 42 39 
41 41 42 
39 40 44 
39 38 39 
38 41 41 
40 43 39 
40 42 41 
39 37 38 
39 37 39 
40 37 38 
37 40 39 
38 39 37 
39 41 44 
40 40 45 
41 42 39 
40 38 41 
39 41 37 
39 40 45 
38 41 37 
41 38 41 
38 38 39 
41 39 43 
38 40 44 
39 43 39 
41 43 39 
37 38 39 
40 37 39 
41 42 41 
39 41 36 
39 40 36 
39 40 43 
40 38 42 
37 39 39 
41 37 38 
41 39 44 
42 40 40 
42 39 39 
40 39 43 
39 39 35 
41 37 39 
39 41 35 
