20 20 20 
20 21 20 
20 21 19 
20 22 20 
21 21 20 
20 19 20 
20 22 19 
20 19 19 
20 23 20 
21 20 20 
21 19 20 
20 23 19 
20 21 18 
22 21 20 
22 20 20 
21 22 20 
21 21 19 
20 21 21 
21 19 19 
20 24 19 
21 19 21 
19 20 20 
18 20 20 
19 22 19 
20 23 18 
20 19 21 
18 22 19 
21 19 22 
18 20 21 
20 18 21 
21 18 21 
20 21 17 
20 20 19 
21 24 19 
21 17 21 
21 18 20 
20 21 16 
17 22 19 
23 20 20 
18 20 19 
21 21 17 
17 23 19 
20 19 22 
20 17 21 
21 20 19 
21 18 22 
23 21 20 
18 20 18 
21 21 18 
17 20 20 
24 20 20 
