20 20 20 
19 20 20 
20 20 19 
19 21 20 
20 21 20 
21 21 20 
21 21 21 
20 21 19 
20 20 18 
21 22 21 
21 21 19 
18 20 20 
21 20 20 
20 19 20 
19 22 20 
21 20 19 
19 20 18 
18 21 20 
20 19 21 
20 21 21 
19 23 20 
19 19 20 
18 20 18 
21 21 22 
18 23 20 
20 19 19 
22 21 20 
18 22 20 
21 22 19 
20 20 21 
19 24 20 
20 18 20 
18 23 19 
19 20 19 
18 22 21 
18 23 18 
17 21 20 
18 19 18 
19 21 19 
21 19 20 
17 22 20 
22 19 20 
19 20 21 
22 19 21 
21 18 20 
21 21 23 
17 19 18 
17 20 18 
20 21 23 
18 20 21 
18 21 21 
