20 20 20 
20 19 20 
20 19 21 
21 20 20 
19 19 20 
19 19 19 
20 18 21 
19 19 18 
19 18 18 
20 20 21 
19 20 20 
19 18 19 
20 21 21 
20 21 22 
20 21 23 
20 18 18 
20 19 18 
20 22 22 
19 20 21 
21 21 23 
18 19 19 
19 17 18 
20 19 19 
20 18 17 
20 22 21 
20 22 23 
19 16 18 
20 18 16 
20 20 19 
21 18 21 
20 19 17 
21 20 21 
19 20 19 
19 22 23 
21 19 18 
20 18 22 
21 21 21 
21 17 21 
22 17 21 
20 19 22 
21 18 18 
20 18 19 
18 20 19 
19 21 23 
19 18 16 
21 21 20 
18 21 23 
19 18 17 
18 20 23 
17 20 19 
21 18 16 
