20 20 20 
20 19 20 
20 21 20 
20 21 21 
20 20 19 
20 20 18 
21 21 21 
19 19 20 
21 21 22 
20 20 17 
18 19 20 
20 19 18 
20 21 22 
19 20 18 
20 18 18 
21 20 22 
20 20 22 
21 21 23 
20 19 19 
18 20 18 
20 20 21 
20 21 23 
19 20 22 
21 20 21 
20 20 16 
21 18 18 
21 20 20 
20 20 15 
21 22 21 
18 21 18 
19 20 20 
19 21 20 
20 19 21 
21 20 23 
20 20 23 
19 21 18 
21 20 18 
21 19 18 
18 20 20 
21 19 20 
19 20 17 
19 20 23 
21 22 23 
19 21 23 
21 23 21 
18 21 23 
21 20 17 
22 19 18 
20 21 18 
20 21 19 
19 21 19 
