20 20 20 
21 20 20 
19 20 20 
20 20 21 
18 20 20 
20 19 20 
21 21 20 
19 20 21 
20 21 20 
18 21 20 
21 20 21 
21 21 21 
17 20 20 
20 19 19 
21 19 20 
20 19 21 
22 20 20 
20 20 19 
20 18 21 
21 20 19 
20 22 20 
19 21 20 
19 20 22 
20 19 18 
21 21 19 
20 18 20 
21 19 21 
20 20 18 
17 20 19 
20 21 19 
20 18 18 
18 22 20 
21 18 20 
19 20 18 
20 20 22 
18 20 21 
20 19 22 
22 20 21 
19 19 22 
22 20 19 
20 21 18 
22 19 20 
23 20 19 
20 18 17 
18 22 19 
22 21 21 
20 17 18 
20 16 18 
19 20 23 
18 23 19 
21 20 22 
