20 20 20 
20 20 19 
21 20 20 
22 20 20 
22 21 20 
20 19 20 
20 19 21 
20 18 21 
19 18 21 
20 21 19 
21 20 19 
20 20 21 
19 19 21 
19 20 21 
18 19 21 
22 21 21 
19 19 22 
19 19 20 
21 19 20 
19 20 22 
19 20 20 
18 20 21 
22 21 22 
20 17 21 
18 18 21 
23 21 22 
18 20 22 
18 19 22 
21 20 18 
22 22 21 
22 20 22 
18 19 20 
22 21 23 
22 19 22 
18 19 23 
21 17 21 
18 19 19 
17 18 21 
22 22 22 
23 20 20 
20 22 19 
24 21 22 
19 18 20 
22 19 20 
23 19 20 
23 22 22 
21 17 22 
23 21 20 
23 21 21 
19 17 21 
24 19 20 
