40  40  40
40  40  41
40  41  41
40  41  40
39  40  41
40  42  41
40  42  42
41  42  41
40  41  39
40  43  41
42  42  41
40  43  40
40  43  42
41  43  41
40  42  40
40  39  41
38  40  41
39  42  41
40  41  38
41  40  41
41  40  40
42  42  40
41  42  42
39  42  42
39  41  38 
39  43  42
40  41  42
40  43  39
39  39  41
41  42  40
40  40  38
42  43  41
39  43  41
41  43  42
40  44  41
41  39  41
40  44  39
43  43  41
40  44  38
43  42  41
44  42  41
43  42  40
44  41  41
43  43  40
39  41  41
38  41  41
44  42  42
41  42  43
40  38  41
39  44  39
41  43  43
39  44  41
41  41  41
39  44  42
39  44  38
40  38  40
39  45  38
40  42  39
39  45  37
39  41  42
39  45  42
40  37  40
42  42  42
38  42  41
40  43  38
39  46  42
38  44  42
39  43  39
38  43  39
39  39  42
40  37  41
41  43  38
37  44  42
44  42  40
38  41  38
39  41  43
39  41  40
40  44  40
39  38  41
38  41  40
38  40  40
39  40  42
38  44  41
39  46  37
40  42  38
44  41  42
43  44  40
44  41  40
39  41  37
40  41  37
39  39  43
40  43  43
39  38  42
39  44  37
40  41  36
40  45  38
39  41  36
39  43  43
41  37  40
39  39  44 
44  43  40