20 20 20 
20 19 20 
21 19 20 
21 18 20 
20 18 20 
21 18 19 
22 18 19 
20 21 20 
19 20 20 
20 20 21 
20 21 19 
21 17 19 
20 21 21 
20 20 19 
19 20 21 
19 20 19 
19 21 20 
21 16 19 
19 20 22 
22 17 19 
20 22 21 
19 21 19 
22 18 18 
20 16 19 
19 19 22 
19 19 20 
19 20 18 
18 20 19 
19 19 21 
18 20 18 
21 17 20 
22 17 20 
20 22 20 
22 18 17 
22 18 16 
21 18 21 
23 18 18 
19 19 19 
22 17 17 
18 19 19 
19 21 18 
18 21 18 
21 21 19 
22 19 16 
20 20 18 
23 18 16 
22 19 17 
23 18 17 
18 21 19 
20 21 18 
19 21 21 
