20 20 20 
19 20 20 
19 19 20 
20 19 20 
19 18 20 
20 18 20 
18 18 20 
19 17 20 
21 19 20 
19 17 21 
19 16 20 
20 20 19 
18 17 20 
18 17 21 
20 19 19 
19 20 21 
18 18 21 
21 20 20 
18 19 20 
22 19 20 
20 17 20 
21 20 19 
18 20 20 
20 18 19 
22 20 20 
20 20 18 
17 17 20 
19 19 19 
17 16 20 
22 20 19 
21 19 21 
17 17 21 
21 19 22 
19 18 21 
19 19 21 
17 17 22 
16 17 21 
17 15 20 
19 20 22 
21 21 20 
22 21 20 
19 18 19 
19 18 22 
21 22 20 
22 19 19 
19 19 22 
21 17 20 
19 17 19 
22 17 20 
21 18 20 
20 19 18 
