20 20 20 
19 20 20 
20 20 21 
19 20 21 
20 20 22 
19 20 22 
19 19 22 
21 20 22 
21 20 23 
20 19 20 
20 21 20 
20 21 21 
21 19 23 
18 20 21 
22 20 22 
21 20 20 
21 20 19 
20 20 23 
20 21 22 
19 21 20 
21 19 22 
18 20 22 
22 19 22 
21 21 20 
22 20 23 
17 20 21 
22 18 22 
19 21 22 
23 18 22 
17 20 22 
19 18 22 
21 19 20 
21 21 22 
18 20 23 
21 21 21 
20 21 23 
18 20 24 
17 19 21 
19 21 19 
18 21 19 
20 19 22 
19 19 20 
20 19 23 
20 22 21 
21 20 21 
18 19 24 
21 22 21 
24 18 22 
22 19 23 
17 21 19 
19 20 23 
