20 20 20 
20 20 21 
20 20 22 
20 19 20 
20 21 22 
19 19 20 
20 22 22 
20 21 21 
19 20 20 
19 22 22 
20 22 21 
21 21 21 
19 21 22 
20 19 22 
20 23 21 
20 20 19 
20 23 20 
20 19 19 
19 22 21 
20 20 23 
20 21 20 
21 19 19 
20 20 24 
19 22 23 
18 22 21 
21 20 24 
17 22 21 
20 24 20 
21 19 22 
19 22 24 
21 20 19 
19 20 22 
18 22 22 
20 19 21 
21 19 24 
19 20 24 
18 20 20 
18 19 20 
21 21 22 
21 19 21 
20 23 22 
20 18 19 
22 19 24 
19 23 24 
18 22 23 
21 19 25 
21 18 25 
22 19 25 
19 19 22 
21 20 21 
18 23 21 
