40 40 40 
40 40 41 
40 40 42 
39 40 40 
39 40 41 
38 40 40 
39 39 40 
40 39 40 
39 41 40 
38 39 40 
39 40 42 
40 41 42 
40 41 40 
40 41 41 
39 41 42 
39 41 41 
40 42 42 
40 42 40 
40 41 39 
39 42 40 
39 39 39 
38 40 41 
40 41 38 
38 41 40 
38 40 42 
40 42 43 
40 43 43 
41 40 41 
39 42 42 
40 43 44 
40 42 38 
38 42 42 
39 41 38 
40 40 43 
39 42 38 
37 42 42 
40 39 41 
38 42 38 
41 40 43 
40 39 42 
39 42 43 
38 41 42 
38 42 37 
38 42 43 
37 42 43 
38 42 36 
40 42 41 
41 42 43 
38 43 36 
39 42 41 
38 43 37 
41 42 40 
38 41 36 
37 43 42 
40 42 37 
37 40 40 
39 39 41 
37 43 41 
38 39 39 
40 43 37 
39 39 42 
40 43 42 
40 44 43 
37 43 37 
41 44 43 
38 39 42 
41 45 43 
38 41 41 
40 43 41 
40 45 43 
41 41 38 
41 43 43 
41 43 37 
38 40 43 
39 38 40 
41 42 41 
39 37 40 
38 41 38 
41 43 41 
40 38 40 
37 43 36 
38 41 37 
37 42 36 
37 43 40 
39 39 38 
39 44 43 
41 43 42 
38 43 38 
41 43 44 
41 43 36 
39 37 39 
38 42 35 
41 40 44 
40 37 40 
36 42 36 
42 42 41 
40 43 36 
38 43 35 
39 38 42 
37 39 40 
41 40 45 
