20 20 20 
20 19 20 
20 20 21 
20 21 21 
21 21 21 
21 21 22 
20 19 21 
21 22 21 
20 21 20 
19 21 20 
19 21 21 
22 22 21 
20 19 22 
21 21 20 
21 22 22 
21 22 20 
21 23 22 
19 22 21 
20 19 19 
21 22 19 
20 20 19 
22 22 22 
21 23 21 
19 20 20 
21 19 21 
22 21 22 
18 21 20 
22 19 21 
20 18 21 
21 24 22 
21 23 19 
21 23 18 
22 24 22 
22 21 21 
19 20 21 
22 20 21 
19 19 21 
22 21 23 
22 20 22 
23 24 22 
19 19 22 
22 18 21 
22 22 19 
22 17 21 
21 25 22 
21 22 18 
20 18 20 
18 21 19 
21 24 19 
23 20 21 
22 23 19 
